T      295           350    400    450    500    550    600    650    700    750    800           900   1000   1100   1200   1300          1400
C11 325.47 -+0.54 323.56 321.77 319.78 317.83 315.92 313.95 311.93 309.82 308.09 306.35 -+0.67 302.41 298.39 294.41 290.44 286.57 -+0.86 283.07
C22 199.06 -+0.45 197.42 195.93 194.34 192.82 191.27 189.79 188.22 186.72 186.23 183.99 -+0.53 180.87 177.65 174.61 171.76 168.97 -+0.66 166.48
C33 237.01 -+0.48 235.13 233.59 231.44 230.18 228.41 226.78 224.88 223.06 221.07 220.01 -+0.56 216.83 213.25 209.61 206.44 202.99 -+0.72 199.48
C44  64.59 -+0.05  63.81  63.13  62.44  61.78  61.12  60.45  59.83  59.20  58.58  57.95 -+0.06  56.66  55.46  54.21  52.98  51.74 -+0.07  50.49
C55  78.42 -+0.08  77.65  76.96 76.25   75.57  74.89  74.22  73.54  72.86  72.21  71.49 -+0.09  70.14  68.77  67.40  66.06  64.71 -+0.11  63.34
C66  79.07 -+0.07  78.12  77.26 76.42   75.60  74.77  73.96  73.17  72.39  71.60  70.85 -+0.08  69.27  67.70  66.17  64.65  63.14 -+0.09  61.67
C12  70.77 -+0.52  70.27  69.77 69.13   68.56  68.01  67.42  66.80  66.16  65.68  65.41 -+0.62  64.31  63.09  62.02  61.10  60.32 -+0.79  59.86
C13  72.86 -+0.57  72.30  71.98 71.38   70.90  70.37  69.92  69.23  68.52  67.70  67.82 -+0.71  67.26  66.49  65.40  64.76  64.02 -+0.93  63.44
C23  75.84 -+0.48  75.53  75.32 75.03   74.78  74.45  74.24  73.80  73.49  73.00  73.10 -+0.55  72.52  71.73  70.96  70.58  70.11 -+0.69  69.91
rho  3.330 -+0.002 3.326  3.321 3.316   3.311  3.306  3.300  3.295  3.289  3.283  3.278 -+0.003 3.266  3.254  3.241  3.229  3.217 -+0.004 3.204

# T:   Temperature in Kelvin
# Cij: Elastic constant in GPa
# rho: Density in g/cm^3
