T      296           400    500    600    700    800           900   1000   1100   1200   1300   1400          1500
C11 320.71 -+0.40 316.84 312.95 309.02 304.98 300.69 -+0.47 296.95 293.05 288.96 285.07 280.86 276.62 -+0.53 272.01 
C22 197.25 -+0.26 194.08 190.92 187.70 184.60 181.51 -+0.32 178.34 175.33 172.33 169.18 166.13 162.99 -+0.39 159.83 
C33 234.32 -+0.47 231.03 227.59 224.13 220.64 217.21 -+0.58 214.31 210.43 206.58 202.93 199.32 195.59 -+0.70 192.05
C44  63.77 -+0.05  62.37  61.05  59.73  58.45  57.23 -+0.06  55.91  54.68  53.47  52.28  51.06  49.83 -+0.07  48.57 
C55  77.67 -+0.11  76.25  74.91  73.58  72.25  71.01 -+0.13  69.86  68.47  67.11  65.79  64.48  63.19 -+0.15  62.15
C66  78.36 -+0.08  76.61  74.97  73.33  71.73  70.17 -+0.09  68.59  67.07  65.53  64.01  62.51  61.02 -+0.11  59.52 
C12  69.84 -+0.24  68.63  67.42  66.20  64.97  63.63 -+0.31  62.76  61.76  60.46  59.35  58.22  57.15 -+0.37  56.17 
C13  71.22 -+0.37  70.27  69.31  68.27  67.21  66.13 -+0.46  65.99  64.73  63.42  62.40  61.39  60.48 -+0.54  59.77
C23  74.80 -+0.31  74.36  73.71  73.04  72.33  71.56 -+0.38  71.21  70.30  69.41  68.60  67.81  67.01 -+0.45  66.42 
rho  3.353 -+0.004 3.344  3.334  3.323  3.312  3.300 -+0.005 3.288  3.267  3.264  3.251  3.239  3.226 -+0.006 3.213
