　,This Study,Abramson et al., 1997,Webb 1989,Isaak et al., 1992,,(∂M/∂P)T,(∂2M/∂2P)T
GPa-1,(∂M/∂T)P GPa/K,(∂M/∂P)T,(∂2M/∂2P)T,GPa-1,(∂M/∂P)T,(∂M/∂T)P,GPa/K
C11,7.5(2),-0.240(8),-0.033(3),6.54,,7.7,-0.0402
C22,5.5(1),-0.089(4),-0.028(3),5.38,,5.2,-0.0310
C33,5.4(1),-0.080(5),-0.032(4),5.51,,5.7,-0.0353
C44,2.0(1),-0.099(4),-0.010(2),1.67,,2.5,-0.0126
C55,2.0(1),-0.140(5),-0.010(2),1.81,,1.7,-0.0130
C66,2.4(1),-0.122(6),-0.019(3),1.93,,2.2,-0.0156
C12,3.8(1),0.077(4),-0.015a(2),3.86,,3.9,-0.0114
C13,3.8(2),0.010(2),-0.009b(2),3.57,,4.5,-0.0096
C23,3.5(2),-0.059(5),-0.013(2),3.37,,2.9,-0.0072
KS0,4.47(5),,-0.020(2),4.29,,4.5,
G0,1.80(3),-0.10(3),-0.010(2),1.71,-0.054,1.8,
