# Structure      P  c11  c22  c33 c44 c55 c66 c12 c13 c23  rho    Vp   Vs   K   G
ppv              0  600  416  483  68  96  62  40  79 101 4025  9.54 5.33 214 114
ppv             30  815  578  729 134 148 181 143 145 211 4507 11.53 6.51 345 191
ppv             60  995  721  934 187 191 268 243 209 310 4869 12.74 7.11 461 246
ppv             90 1158  850 1121 234 230 345 339 276 404 5171 13.64 7.53 571 293
ppv            120 1313  971 1295 278 266 416 433 342 495 5435 14.38 7.86 677 336
ppv            150 1459 1088 1461 318 302 483 526 406 583 5671 15.01 8.13 779 375
hy-ppv_1.14wt%   0  570  389  482  64  93  48  34  76  93 3951  9.32 5.16 203 105 
hy-ppv_1.14wt%  30  787  563  728 130 145 161 141 144 202 4443 11.44 6.43 337 184 
hy-ppv_1.14wt%  60  965  707  931 182 185 245 239 207 297 4808 12.65 7.04 452 238 
hy-ppv_1.14wt%  90 1130  842 1112 227 222 319 336 274 388 5112 13.57 7.46 562 284
hy-ppv_1.14wt% 120 1284  968 1291 268 256 386 431 340 476 5375 14.32 7.78 668 326 
hy-ppv_1.14wt% 150 1432 1089 1458 307 289 449 526 407 564 5612 14.97 8.05 772 364 
hy-ppv_2.31wt%   0  544  362  479  55  93  31  27  69  86 3880  9.03 5.16 192  93 
hy-ppv_2.31wt%  30  762  555  729 121 144 142 136 140 200 4383 11.36 6.34 331 176 
hy-ppv_2.31wt%  60  940  700  932 172 182 215 234 204 287 4752 12.56 6.94 445 228 
hy-ppv_2.31wt%  90 1103  837 1117 216 216 278 331 270 375 5056 13.48 7.34 554 272
hy-ppv_2.31wt% 120 1257  968 1292 257 248 334 427 335 461 5320 14.23 7.66 660 312
hy-ppv_2.31wt% 150 1403 1091 1458 294 277 383 520 400 545 5556 14.86 7.91 772 364
