Elasticity of hydrous wadsleyite to 12 GPa: Implications for Earth's transition zone

Z. Mao, S. D. Jacobsen, F. Jiang, J. R. Smyth, C. M. Holl, T. S. Duffy

DOI: 10.1029/2008GL035618

Table S1. Elastic constants of hydrous wadsleyite.

P(GPa)	¦Ñg/cm3		     C11(GPa)	    C22(GPa)	C33(GPa)     C44(GPa)	C55(GPa)  C66(GPa)	 C12(GPa)        C13(GPa)	C23(GPa)        Ks(GPa)	G(GPa)	      RMSm/s
0.0001	3.435(4)	     341(2)         343(2)	256(3)	     101.9(12)	105.6(11)       93(1)	 68(2)	        96(1)	95(1)	        161.3(5)	104.3(4)	      52
1.2	3.460(4)	     348(3)         347(3)	254(5)	     103.5(12)	106.7(15)       96(1)	 72(4)	        92(4)	98(3)	        162.8(11)	105.6(7)	      54
2.7	3.491(4)	     361(3)         352(3)	276(4)	     104.2(11)	107.1(18)       99(1)    79(2)          100(4)	109(3)	        173.2(10)	107.3(6)	      56
4.2	3.520(4)	     370(3)         359(3)	277(4)	     105.9(22)	109.4(31)      102(1)	 84(2)	        100(5)	110(4)	        176.3(10)	109.9(8)	      60
6.7	3.569(4)	     382(6)         378(3)	292(6)	     108.9(22)	112.6(47)      105(1)	 99(8)	        107(4)	119(4)	        188.1(17)	112.9(11)	      57
8.2	3.598(4)	     391(4)         383(3)	305(5)	     110.6(12)	112.7(13)      108(1)	 102(5)	        110(5)	119(4)	        192.6(14)	115.3(7)	      54
10.2	3.633(4)	     405(4)         393(3)	318(4)	     113.6(14)	113.4(16)      112(1)	 110(3)	        116(4)	126(3)	        201.3(11)	117.9(6)        52
12.1	3.666(4)	     420(4)         413(3)	333(4)	     116.5(14)	113.9(19)      116.4(10) 116(3)	        123(4)	131(3)	        211.1(10)	121.7(6)	      66
RMS: root-mean-square difference between calculated and measured velocities
Numbers in parentheses are standard deviation uncertainties.
